spatula [ 0.17858507 -0.72325377  0.14493605  0.65115659]
cup [-0.0985996   0.70367063 -0.18686055 -0.67838698]
knife [ 0.05262527 -0.72957124  0.15906051  0.66306572]
hammer [ 0.04510172  0.6002882  -0.32359202 -0.73000556]
bottle [-0.66268984 -0.04537715 -0.68318855  0.30337519]
scissors [ 0.00343811 -0.82625741  0.25930562  0.50004747]
scoop [ 0.09140731 -0.71904327  0.15291612  0.67174261]
mallet [-0.72834634 -0.05444068  0.6789609  -0.07456478]
ladle [-0.03664714  0.72422009 -0.08418687 -0.68342872]
spoon [ 0.14031222 -0.72743074  0.22727563  0.63206233]
bowl [ 0.67318287  0.16156893  0.71108985 -0.12276615]
mug [ 0.25167641  0.69930462  0.32368484 -0.58554261]
