spatula [23.234797930862893, -94.09888071093953, 18.85689455813658]
cup [12.690848489301898, -90.57011744166928, 24.050999483543762]
knife [6.814488747775335, -94.47276955881647, 20.59687400388456]
hammer [-5.690253213652895, -75.73529034298276, 40.82594924799835]
bottle [-100.61946096478728, -6.889836085488043, -103.73188102342814]
scissors [0.4763886356968195, -114.48721544228884, 35.92969699640731]
scoop [11.795908223325716, -92.79092034893065, 19.73348211852052]
mallet [125.22180527807475, 9.359778248032358, -116.73115514142131]
ladle [4.707574365856278, -93.03099589550851, 10.81437599642632]
spoon [18.39555222151573, -95.36938525529587, 29.796839650480095]
bowl [-112.52987047984105, -27.008011606811248, -118.86643627760404]
mug [-33.62881608046857, -93.44056699712924, -43.250529330086586]
